0.030857
0.006758
-0.010286
-0.010286
0.003824
0.027923
0.009693
-0.006165
0.017933
0.030857
0.030857
0.012627
-0.009989
-0.003965
0.006180
0.024255
0.019386
0.001311
0.016763
0.026878
0.008803
0.009271
0.027345
0.016295
0.001779
0.019853
0.023787
0.005713
0.012361
0.030435
0.013205
0.004869
0.022943
0.020697
0.002623
0.015451
0.030857
0.030857
0.020245
-0.003854
-0.005869
0.000467
0.018541
0.025099
0.007025
0.011049
0.029124
0.014517
0.003558
0.021632
0.022009
0.003934
0.014140
0.030857
0.030857
0.021993
-0.002105
0.005633
0.029732
0.007884
-0.008803
-0.002779
0.009738
0.027812
0.030857
0.027862
0.003764
-0.007773
-0.001749
0.012828
0.030812
0.012738
0.005336
0.023410
0.020230
0.002156
0.015918
0.027722
0.009648
0.008427
0.026501
0.017140
0.000935
0.019009
0.024631
0.006557
0.011517
0.029591
0.030857
0.026832
0.008758
0.000000
0.000000
0.014607
0.029033
0.010959
0.007115
0.025189
0.018451
0.000377
0.017697
0.025943
0.007869
0.010205
0.028279
0.030857
0.027239
0.003140
0.000387
0.024486
0.013130
-0.010286
-0.010286
-0.002548
0.021551
0.016064
-0.008035
0.011562
0.030857
0.030857
0.018999
-0.005100
-0.010286
-0.008416
0.015682
0.024164
0.006090
0.011984
0.030058
0.030857
0.026365
0.008291
0.000000
0.000000
0.015074
0.028566
0.010492
0.007582
0.025657
0.017984
0.000090
0.018165
0.025476
0.007401
0.010673
0.028747
0.014893
0.003181
0.021255
0.022385
0.004311
0.013763
0.029877
0.011803
0.006271
0.024345
0.019295
0.001221
0.016853
0.026787
0.008713
0.009361
0.027435
0.030857
0.028365
0.004266
-0.000739
0.023360
0.014255
-0.009844
0.013371
0.024245
0.000146
-0.006869
-0.000844
0.015542
0.028099
0.010024
0.008050
0.026124
0.030857
0.030299
0.012225
0.005849
0.023923
0.019717
0.001643
0.000000
0.003648
0.021722
0.021918
0.003844
0.014230
0.029410
0.011336
0.008984
0.033083
0.025104
0.001005
0.017320
0.026320
0.008246
0.009828
0.027903
0.015738
0.002337
0.020411
0.023230
0.005155
0.012919
0.030721
0.012647
0.005427
0.023501
0.020139
0.002065
0.016009
0.027631
0.009557
0.008517
0.026591
0.017049
0.001025
0.019099
0.030857
0.030857
0.015381
-0.008718
0.012245
0.025370
0.001271
-0.007150
-0.001126
0.014697
0.028943
0.010869
0.007206
0.025280
0.018361
0.000286
0.017788
0.025852
0.007778
0.010296
0.028370
0.015270
0.002804
0.020878
0.030857
0.030857
0.017471
0.000000
0.000000
0.005894
0.023968
0.019672
0.001598
0.016476
0.027164
0.009090
0.008984
0.027058
0.016582
0.001492
0.019566
0.030857
0.030857
0.018783
0.000708
0.011577
0.015989
-0.002085
-0.000412
0.017662
0.005407
-0.007904
0.010170
0.012899
-0.005176
-0.010286
-0.010045
0.014054
0.023561
-0.000538
0.004065
0.028164
0.014803
0.003271
0.021345
0.022295
0.004221
0.013853
0.030857
0.030857
0.024496
0.006422
0.000000
0.000000
0.016944
0.026697
0.008623
0.009452
0.027526
0.016114
0.001960
0.020034
0.023606
0.005532
0.012542
0.030616
0.030857
0.024124
0.000025
-0.006839
-0.000814
0.015632
0.028008
0.009934
0.008140
0.026214
0.030857
0.029993
0.005894
-0.002367
0.021732
0.015883
-0.008216
0.011743
0.025873
0.001774
-0.007276
-0.001251
0.014321
0.030857
0.030857
0.021752
-0.002347
-0.010286
-0.010286
0.012929
0.026229
0.008155
0.009919
0.027993
0.015647
0.002427
0.020501
0.023139
0.005065
0.013009
0.030631
0.012557
0.005517
0.023591
0.020049
0.001975
0.016099
0.027541
0.009467
0.011477
0.035575
0.022611
0.001116
0.019190
0.024451
0.006376
0.011698
0.029772
0.013868
0.004206
0.022280
0.021360
0.003286
0.014788
0.028852
0.010778
0.004864
0.016913
0.024767
0.030792
0.007020
-0.010286
-0.010286
0.003563
0.027661
0.025631
0.017677
-0.000397
-0.010286
-0.010286
0.007683
0.030164
0.012090
0.005985
0.024059
0.019582
0.001507
0.016567
0.027073
0.008999
0.009075
0.027149
0.016491
0.001583
0.019657
0.023983
0.005909
0.012165
0.030239
0.013401
0.004673
0.022747
0.020893
0.002819
0.015255
0.028385
0.010311
0.007763
0.025837
0.017803
0.000271
0.018345
0.025295
0.007221
0.010854
0.028928
0.030857
0.026375
0.002276
0.001251
0.025350
0.012265
-0.010286
-0.010286
-0.001683
0.022416
0.030857
0.030857
0.008145
-0.004618
0.019481
0.018134
-0.005964
0.009492
0.028124
0.004025
-0.000497
0.023601
0.014014
-0.010085
-0.004311
0.005140
0.023214
0.020426
0.002352
0.015723
0.027918
0.009844
0.008231
0.026305
0.017335
0.000739
0.018813
0.024827
0.006753
0.011321
0.029395
0.014245
0.003829
0.021903
0.021737
0.003663
0.014411
0.029229
0.011155
0.006919
0.024993
0.018647
0.000573
0.017501
0.024566
0.000467
0.003060
0.027159
0.010457
-0.006929
0.017170
0.030857
0.030857
0.013391
-0.010286
-0.010286
-0.002809
0.021290
0.016325
-0.007773
0.011301
0.030857
0.030857
0.019260
-0.004839
-0.010286
-0.009080
0.008994
0.016240
0.004191
0.007859
0.019908
0.009185
0.004296
0.022370
0.021270
0.003196
0.014878
0.028762
0.010688
0.007386
0.025461
0.030857
0.030857
0.012889
0.005186
0.023260
0.020380
0.002306
-0.005256
-0.006306
0.017793
0.030857
0.030857
0.012768
-0.009241
0.014858
0.022757
-0.001342
-0.010286
-0.010286
0.011924
0.029566
0.023541
0.011406
-0.006668
-0.010286
-0.008612
0.009462
0.020571
0.020571
0.008316
-0.009758
0.007261
0.015808
-0.002266
-0.000231
0.017843
0.005226
-0.007723
0.010351
0.012718
-0.005356
0.002859
0.020210
0.002136
-0.004633
0.013441
0.009627
-0.008447
0.005949
0.017119
-0.000955
-0.001543
0.016532
0.006537
-0.009035
0.009040
0.014029
-0.004045
-0.010286
-0.010286
0.012547
0.029410
0.023385
0.010939
-0.007135
0.004638
0.018431
0.000357
-0.002854
0.015220
0.007849
-0.010225
0.007728
0.015341
-0.002733
0.000236
0.018310
-0.000513
-0.016532
0.007567
0.009477
-0.014622
-0.002422
0.019466
-0.004633
-0.018531
-0.012507
0.001126
0.019200
0.003869
-0.005060
0.019039
0.018577
-0.005522
0.004216
0.018853
0.000779
-0.003276
0.014798
0.008271
-0.009803
0.007306
0.015763
-0.002311
-0.000186
0.017888
0.005181
-0.007678
0.010396
0.012672
-0.005402
0.002904
0.020164
0.002090
-0.004588
0.013486
0.020571
0.020571
-0.006562
-0.025028
0.005095
0.008854
-0.015245
-0.006492
0.008989
-0.009085
-0.013984
0.004090
-0.005552
-0.029651
-0.007964
0.004437
-0.019662
-0.017954
0.006145
-0.009673
-0.030129
-0.024104
-0.013095
0.004980
0.010286
0.010286
-0.013793
-0.030857
-0.030857
-0.016768
0.007331
-0.010859
-0.027782
-0.009708
-0.008366
-0.026440
-0.012647
0.009703
-0.002347
-0.014396
-0.026445
-0.015582
0.008517
-0.012044
-0.026893
-0.008818
-0.009256
-0.027330
-0.016310
-0.002352
-0.026450
-0.034088
-0.016014
-0.022632
-0.040706
-0.041143
-0.036289
-0.018215
-0.010286
-0.010286
-0.025722
-0.037605
-0.013507
-0.013240
-0.043364
-0.033782
-0.010889
-0.034988
-0.045685
-0.027611
-0.031606
-0.049680
-0.035103
-0.025295
-0.049394
-0.049936
-0.025837
-0.034696
-0.051429
-0.051429
-0.044796
-0.026722
-0.036470
-0.060569
-0.038761
-0.022049
-0.028073
-0.040580
-0.058654
-0.046700
-0.033088
-0.051162
-0.061714
-0.061714
-0.048901
-0.030857
-0.030857
-0.037977
-0.062159
-0.057944
-0.033761
-0.052135
-0.069008
-0.050850
-0.049593
-0.067751
-0.058377
-0.042365
-0.066380
-0.073891
-0.049876
-0.056425
-0.080440
-0.065428
-0.055420
-0.073410
-0.072885
-0.054895
-0.071020
-0.091031
-0.072790
-0.068880
-0.087122
-0.096873
-0.102730
-0.079281
-0.063370
-0.069478
-0.082286
-0.100276
-0.087447
-0.075703
-0.099551
-0.104905
-0.086914
-0.099973
-0.122904
-0.098637
-0.089915
-0.114181
-0.112543
-0.094553
-0.114457
-0.133571
-0.133571
-0.121856
-0.098009
-0.102041
-0.114270
-0.132678
-0.137484
-0.119075
-0.128927
-0.153193
-0.154286
-0.149829
-0.131839
-0.126737
-0.132594
-0.148561
-0.162810
-0.151096
-0.151818
-0.169808
-0.162201
-0.144385
-0.168233
-0.179658
-0.161668
-0.168594
-0.192861
-0.179470
-0.168536
-0.192802
-0.197297
-0.179306
-0.193139
-0.214754
-0.196764
-0.195426
-0.225550
-0.224935
-0.206945
-0.228321
-0.243013
-0.224604
-0.228262
-0.252528
-0.242573
-0.228875
-0.252723
-0.262512
-0.250797
-0.259522
-0.277512
-0.265957
-0.263781
-0.288047
-0.288146
-0.269738
-0.287989
-0.306730
-0.294597
-0.298644
-0.322911
-0.316022
-0.299476
-0.329599
-0.344058
-0.325649
-0.337113
-0.367236
-0.348340
-0.335341
-0.365464
-0.374724
-0.362591
-0.379085
-0.399970
-0.381561
-0.381205
-0.411329
-0.409470
-0.391480
-0.425565
-0.448251
-0.429842
-0.437784
-0.467908
-0.452928
-0.436764
-0.472745
-0.485994
-0.468004
-0.484363
-0.514166
-0.496175
-0.494345
-0.530326
-0.527162
-0.497039
-0.525781
-0.553559
-0.541426
-0.546218
-0.570066
-0.566774
-0.557047
-0.580895
-0.590157
-0.572166
-0.588791
-0.624772
-0.604866
-0.594591
-0.630572
-0.635466
-0.611618
-0.636372
-0.666021
-0.641755
-0.641624
-0.678023
-0.672528
-0.648262
-0.677478
-0.694319
-0.676329
-0.688562
-0.723706
-0.703339
-0.685027
-0.726865
-0.739526
-0.716097
-0.733523
-0.763605
-0.742686
-0.736737
-0.761840
-0.761086
-0.744351
-0.769530
-0.787749
-0.762646
-0.768686
-0.806340
-0.794480
-0.773822
-0.803109
-0.812028
-0.786925
-0.800904
-0.834374
-0.811616
-0.802373
-0.840027
-0.857143
-0.857143
-0.829088
-0.801644
-0.814195
-0.832064
-0.857167
-0.867283
-0.871160
-0.841873
-0.823955
-0.832323
-0.848154
-0.869073
-0.852865
-0.840990
-0.870277
-0.881757
-0.873390
-0.855412
-0.836936
-0.857855
-0.861145
-0.831858
-0.837592
-0.862695
-0.836855
-0.820043
-0.845146
-0.837483
-0.799829
-0.813312
-0.831663
-0.794009
-0.781478
-0.806581
-0.788188
-0.750534
-0.774747
-0.782368
-0.744714
-0.742913
-0.768016
-0.729856
-0.692894
-0.715905
-0.710140
-0.669138
-0.676273
-0.697805
-0.655549
-0.633177
-0.651586
-0.632350
-0.590094
-0.602859
-0.608438
-0.566181
-0.553973
-0.571963
-0.537632
-0.495616
-0.519882
-0.516862
-0.468748
-0.464906
-0.482896
-0.442901
-0.414525
-0.426658
-0.408988
-0.366731
-0.370200
-0.375075
-0.332819
-0.311068
-0.316925
-0.288493
-0.247280
-0.258994
-0.252496
-0.204382
-0.192245
-0.204379
-0.168110
-0.135788
-0.147921
-0.131413
-0.083299
-0.081463
-0.089912
-0.041547
-0.014547
-0.026596
0.004191
0.058413
0.050398
0.052337
0.100619
0.117206
0.105073
0.142183
0.184355
0.178498
0.194382
0.242496
0.248703
0.236570
0.283981
0.315279
0.303564
0.326180
0.374294
0.370200
0.368664
0.423054
0.444536
0.426127
0.457575
0.504050
0.497774
0.505593
0.541992
0.548155
0.536022
0.579061
0.614613
0.602480
0.617610
0.659866
0.654287
0.641522
0.683779
0.705396
0.693263
0.713192
0.748754
0.737888
0.738276
0.775930
0.783645
0.766910
0.799564
0.834008
0.821456
0.828634
0.862105
0.859355
0.843391
0.881045
0.903291
0.890739
0.903277
0.932563
0.920780
0.912565
0.941852
0.945146
0.920043
0.943304
0.976980
0.951877
0.946144
0.975431
0.969426
0.944323
0.974374
0.992156
0.958685
0.960500
0.993970
0.979419
0.959969
0.985072
1.000000
1.000000
0.976635
0.943164
0.967730
0.978596
0.953493
0.954913
0.975832
0.956756
0.938422
0.955157
0.950974
0.921687
0.933045
0.955970
0.926684
0.912712
0.929447
0.917395
0.888108
0.901082
0.908106
0.878819
0.872716
0.889451
0.869530
0.844351
0.861086
0.860241
0.830955
0.835543
0.856462
0.820713
0.797212
0.813947
0.798294
0.756455
0.764153
0.774517
0.745230
0.737592
0.758511
0.741267
0.710321
0.729567
0.731206
0.693552
0.689657
0.708065
0.677426
0.651233
0.669224
0.661286
0.625305
0.635904
0.656173
0.619774
0.600780
0.612913
0.593706
0.557725
0.578229
0.587906
0.551925
0.544528
0.562518
0.536125
0.507030
0.530878
0.530326
0.494345
0.496175
0.514166
0.478545
0.458004
0.475994
0.466135
0.436012
0.442718
0.448870
0.424604
0.416974
0.429107
0.413948
0.391230
0.403363
0.401329
0.371205
0.371298
0.389289
0.362978
0.343127
0.361117
0.351784
0.315804
0.327960
0.346661
0.310261
0.299439
0.329563
0.310668
0.268412
0.302449
0.316645
0.268531
0.243657
0.237381
0.277239
0.315210
0.291362
0.267333
0.243067
0.249498
0.266685
0.242838
0.230213
0.242346
0.232470
0.208204
0.221859
0.233008
0.215017
0.211573
0.223706
0.207607
0.185830
0.197963
0.196951
0.172685
0.176323
0.194732
0.172743
0.158592
0.176582
0.175427
0.157437
0.164294
0.172146
0.147880
0.140954
0.158944
0.147519
0.123671
0.147320
0.155593
0.125469
0.126964
0.151230
0.127956
0.102857
0.102857
0.114009
0.138275
0.139565
0.132497
0.108650
0.098934
0.116924
0.108271
0.084005
0.104547
0.118330
0.094063
0.082143
0.082143
0.096562
0.112857
0.112857
0.103628
0.079781
0.088353
0.112201
0.083725
0.068106
0.092205
0.089411
0.065312
0.056589
0.055750
0.085873
0.097565
0.085432
0.069029
0.051819
0.069809
0.074592
0.050577
0.041143
0.041143
0.062754
0.081014
0.075157
0.060405
0.036222
0.049675
0.070856
0.052698
0.038952
0.032927
0.046730
0.070913
0.072143
0.066294
0.042111
0.040520
0.058594
0.046761
0.030857
0.030857
0.038319
0.056393
0.048961
0.030887
0.048901
0.054700
0.030601
0.034641
0.058740
0.056433
0.048368
0.030294
0.020571
0.020571
0.034214
0.050569
0.032495
0.026722
0.044796
0.039987
0.021913
0.037304
0.051429
0.051429
0.039108
0.015009
0.029661
0.049097
0.024998
0.010286
0.010286
0.026727
0.050826
0.045555
0.036304
0.018230
0.020416
0.038490
0.025722
0.012924
0.030998
0.033214
0.015140
0.023506
0.040560
0.016461
0.007638
0.031736
0.030124
0.012049
0.010286
0.013813
0.031887
0.032324
0.014250
0.024395
0.039816
0.021742
0.016903
0.034977
0.041143
0.041143
0.018210
0.005889
0.029988
0.028199
0.004100
0.014999
0.028641
0.010567
0.007507
0.025581
0.018059
0.000015
0.018089
0.025551
0.007477
0.010597
0.028671
0.014969
0.003105
0.021179
0.022461
0.004387
0.000000
0.000904
0.018979
0.024662
0.006587
0.011487
0.029561
0.008487
-0.004959
0.019139
0.021571
0.003497
0.014577
0.029063
0.010989
0.007085
0.025159
0.018481
0.000407
0.017667
0.025973
0.007899
0.010175
0.028249
0.015391
0.002683
0.020757
0.022883
0.004809
0.013265
0.030375
0.012301
0.005773
0.023848
0.019793
0.001718
0.016356
0.026094
0.001995
0.001533
0.025631
0.016702
0.000915
0.012964
0.016130
0.004080
0.011954
0.030028
0.013612
0.004462
0.022536
0.030857
0.030857
0.010798
-0.007271
0.016828
0.020787
-0.003311
-0.010286
-0.010205
0.013894
0.030857
0.030857
0.016667
-0.007432
0.005648
0.017421
-0.000653
-0.001844
0.016230
0.006839
-0.009336
0.008738
0.014331
-0.003743
0.001246
0.019320
0.003748
-0.010286
-0.010286
0.002156
0.026254
0.016235
0.001839
0.019913
0.023727
0.005653
0.012421
0.030495
0.030857
0.024285
0.000186
0.003341
0.027440
0.015346
-0.000909
-0.006934
0.000407
0.024506
0.013110
-0.009582
0.014517
0.030857
0.030857
0.016044
-0.008055
0.006115
0.016954
-0.001121
-0.001377
0.016697
0.006371
-0.008869
0.009205
0.013863
-0.004211
0.001713
0.019788
0.003281
-0.005778
0.012296
0.010773
-0.007301
0.009833
0.027782
0.003683
-0.010286
-0.010286
0.002603
0.020571
0.020571
0.015175
-0.002899
0.000402
0.018476
0.004593
-0.006025
0.018074
0.019541
-0.004557
-0.010286
-0.008959
0.015140
0.030857
0.030857
0.015421
-0.008678
-0.010286
-0.004839
0.019260
0.018356
-0.005743
0.009271
0.030857
0.030857
0.021290
-0.002809
0.002181
0.020255
0.002814
-0.005311
0.012763
0.010306
-0.007768
-0.010286
-0.006587
0.017511
0.030857
0.030857
0.013049
-0.010286
-0.010286
-0.002467
0.021632
0.030857
0.030857
0.008929
-0.010286
-0.010286
0.001653
0.025752
0.011863
-0.008336
0.015763
0.021853
-0.002246
0.005773
0.029872
0.007743
-0.004216
0.019883
0.030857
0.030857
0.010678
-0.007150
0.016949
0.020667
-0.003432
-0.010286
-0.010085
0.014014
0.023601
-0.000497
0.004025
0.028124
0.030857
0.026536
0.002437
-0.010286
-0.010286
0.008145
0.030857
0.030857
0.022416
-0.001683
-0.010286
-0.010286
0.012265
0.025350
0.001251
0.002276
0.026375
0.011240
-0.007713
0.016386
0.030857
0.030857
0.014175
-0.009924
0.007517
0.015552
-0.002522
-0.010286
-0.010286
0.010517
0.027099
0.003000
0.000528
0.024626
0.012989
-0.009462
0.014637
0.022978
-0.001121
0.004648
0.028747
0.008869
-0.005341
0.018757
0.018858
-0.005241
0.008768
0.030857
0.030857
0.021792
-0.002306
-0.010286
-0.010286
0.012889
0.030857
0.030857
0.017672
-0.006427
0.009954
0.027661
0.003563
-0.010286
-0.010286
0.007020
0.030596
0.006497
-0.004799
0.013275
0.009793
-0.008281
0.005784
0.020571
0.020571
0.011994
-0.006080
-0.010286
-0.008839
0.015260
0.028732
0.022707
0.008904
-0.009170
0.006673
0.016396
-0.001678
-0.000819
0.017255
0.005814
-0.007653
0.016446
0.021169
-0.002929
0.006457
0.030556
0.013009
0.005065
0.023139
0.020501
0.002427
0.000000
0.002864
0.020938
0.022702
0.004628
0.013446
0.030636
0.024611
0.014617
-0.003457
0.004708
0.028807
0.008808
-0.009035
-0.003010
0.006030
0.018079
0.020571
0.019019
0.000945
-0.003442
0.014632
0.008437
-0.009638
0.012949
0.024667
0.000568
-0.010286
-0.010286
0.010014
0.030857
0.030857
0.020546
-0.003553
-0.010286
-0.009964
0.014135
0.030857
0.030857
0.016426
-0.007673
0.011200
0.027526
0.009452
0.008623
0.026697
0.016944
0.000000
0.000000
0.006422
0.024496
0.019144
0.001070
0.017004
0.026636
0.008562
0.009512
0.027586
0.011120
-0.007592
0.016506
0.030857
0.030857
0.014054
-0.010045
0.013572
0.024044
-0.000055
-0.006819
-0.000794
0.015692
0.030857
0.030857
0.019923
-0.004176
-0.010286
-0.009341
0.014758
0.030857
0.030857
0.015803
-0.008296
0.011823
0.025792
0.001693
-0.001196
0.016878
0.006191
-0.008688
0.009386
0.013682
-0.004392
0.005954
0.030053
0.007562
-0.008723
-0.002698
0.009979
0.028053
0.015587
0.002487
0.020561
0.023079
0.005005
0.013069
0.030571
0.012497
0.005578
0.023652
0.030857
0.030857
0.009311
-0.009160
-0.003135
0.008668
0.026742
0.016898
0.001176
0.019250
0.030857
0.030857
0.015180
-0.008919
-0.004603
0.004266
0.022340
0.018114
-0.005985
0.009512
0.030857
0.030857
0.021049
-0.003050
0.002362
0.020436
0.002633
-0.005130
0.012944
0.010125
-0.007949
-0.010286
-0.007331
0.010743
0.023320
0.029345
0.012808
-0.009281
0.014818
0.022797
-0.001301
0.004829
0.028928
0.008688
-0.005160
0.018938
0.018677
-0.005422
-0.005477
0.001643
0.019717
0.030857
0.030857
0.018632
0.000558
0.000000
0.004733
0.022807
0.020833
0.002759
0.015316
0.028325
0.010251
0.007824
0.025898
0.017742
0.000332
0.018406
0.030857
0.030857
0.016305
-0.007793
-0.010286
-0.005723
0.018376
0.019240
-0.004859
0.008386
0.029229
0.005130
-0.001603
0.022496
0.015120
-0.008979
0.012507
0.030857
0.030857
0.018054
-0.006045
0.009572
0.028043
0.003944
-0.000417
0.023682
0.013934
-0.010165
-0.004291
0.005201
0.023275
0.020365
0.002291
0.015783
0.027857
0.009783
0.008291
0.026365
0.017275
0.000799
0.018873
0.024767
0.006693
0.011381
0.029455
0.014185
0.003889
0.021963
0.021677
0.003603
0.014471
0.028606
0.004507
-0.000980
0.023119
0.030857
0.030857
0.007442
-0.003914
0.020185
0.017431
-0.006668
-0.010286
-0.006849
0.017250
0.028234
0.022210
0.007412
-0.009909
0.008165
0.014903
-0.003171
0.000673
0.018747
0.004321
-0.006819
0.011255
0.011813
-0.006261
0.003764
0.019305
0.001231
-0.010286
-0.010286
0.001563
0.019637
0.009145
0.004356
0.022431
0.021210
0.003135
0.014939
0.028702
0.010627
0.007447
0.025521
0.030857
0.030857
0.012828
0.000000
0.000000
0.010537
0.028611
0.009753
-0.006226
0.017873
0.022521
0.004447
0.013627
0.030013
0.011939
0.006135
0.024209
0.027048
0.021024
0.003854
-0.010286
-0.010286
-0.001060
0.017014
0.006055
-0.007974
0.016125
0.021491
-0.002608
0.002030
0.020104
0.002965
-0.003854
0.020245
0.017371
-0.006728
0.010256
0.027360
0.003261
0.000266
0.024365
0.013250
-0.009723
0.014376
0.030857
0.030857
0.019853
0.001779
0.000000
0.003512
0.021586
0.022054
0.003980
0.014094
0.029546
0.011472
0.006603
0.024677
0.030857
0.030857
0.007944
-0.004417
0.019682
0.017933
-0.006165
0.009693
0.027923
0.003824
-0.010286
-0.010286
0.006758
0.030857
