0.000000
0.000000
0.000000
0.000000
0.004454
0.012061
0.006306
0.001301
0.008908
0.009460
0.001853
0.005754
0.012613
0.005006
0.002601
0.010208
0.008159
0.000552
0.007055
0.011312
0.003705
0.000000
0.000000
0.000000
0.000749
0.008356
0.010011
0.002405
0.005202
0.012809
0.005558
0.002049
0.009656
0.008711
0.001104
0.000000
0.000000
0.000000
0.003350
0.010957
0.007410
0.000197
0.007804
0.010563
0.002956
0.004650
0.012257
0.006110
0.001497
0.009104
0.009263
0.001656
0.005951
0.012416
0.004809
0.002798
0.010405
0.007962
0.000355
0.000000
0.000000
0.000000
0.004098
0.011705
0.012987
0.012042
0.004435
0.000000
0.000000
0.005399
0.012968
0.005361
0.002246
0.009853
0.008514
0.000907
0.006700
0.011667
0.004060
0.000000
0.000000
0.005773
0.012594
0.004987
0.000000
0.000000
0.004847
0.012454
0.005913
0.001694
0.009301
0.009066
0.001459
0.000000
0.000000
0.000000
0.002995
0.010602
0.007766
0.000159
0.007448
0.010919
0.003312
0.004295
0.011902
0.006465
0.001142
0.008749
0.009618
0.002011
0.005596
0.012771
0.005164
0.002443
0.010050
0.008318
0.000711
0.006896
0.011471
0.003864
0.003743
0.011350
0.007017
0.000590
0.008197
0.010170
0.002563
0.000000
0.000000
0.000000
0.001891
0.009498
0.008869
0.001263
0.006344
0.012023
0.004416
0.003191
0.010798
0.007569
0.000000
0.000000
0.000000
0.000000
0.004492
0.012099
0.006268
0.001339
0.008946
0.009421
0.001815
0.005792
0.012575
0.004968
0.002639
0.010246
0.008121
0.000514
0.007093
0.011274
0.003667
0.000000
0.000000
0.000000
0.000787
0.008394
0.012987
0.012987
0.007747
0.000140
0.000000
0.002087
0.009694
0.008673
0.001066
0.000000
0.000000
0.000000
0.003388
0.010995
0.007372
0.000235
0.007842
0.010525
0.002918
0.004689
0.012295
0.006072
0.001535
0.009142
0.009225
0.001618
0.005989
0.012378
0.004771
0.002836
0.010443
0.007924
0.000317
0.007290
0.011077
0.003470
0.004137
0.011744
0.006624
0.000983
0.008590
0.009777
0.002170
0.005437
0.012930
0.005323
0.002284
0.009891
0.008476
0.000869
0.006738
0.011629
0.004022
0.003585
0.011192
0.007176
0.000431
0.008038
0.010329
0.002722
0.004885
0.012492
0.005875
0.001732
0.009339
0.009028
0.001421
0.000000
0.000000
0.000000
0.003033
0.010640
0.007727
0.000121
0.007486
0.010881
0.003274
0.004333
0.011940
0.006427
0.001180
0.008787
0.009580
0.001973
0.005634
0.012733
0.005126
0.002481
0.010088
0.008279
0.000673
0.006934
0.011433
0.003826
0.003781
0.011388
0.006979
0.000628
0.008235
0.010132
0.002525
0.000000
0.000000
0.000000
0.001929
0.009536
0.008831
0.001224
0.006382
0.011985
0.004378
0.003229
0.010836
0.007531
0.000000
0.000000
0.000000
0.000000
0.004530
0.012137
0.006230
0.001377
0.008984
0.009383
0.001776
0.005831
0.012537
0.004930
0.002677
0.010284
0.008083
0.000476
0.007131
0.011236
0.003629
0.000000
0.000000
0.000000
0.000825
0.008432
0.009935
0.002328
0.005279
0.012886
0.005482
0.002125
0.009732
0.008635
0.001028
0.000000
0.000000
0.000000
0.003426
0.011033
0.007334
0.000273
0.007880
0.010487
0.002880
0.004727
0.012334
0.006034
0.001573
0.009180
0.009187
0.001580
0.006027
0.012340
0.004733
0.002874
0.010481
0.007886
0.000279
0.007328
0.011039
0.003432
0.004175
0.011782
0.006586
0.001021
0.008628
0.012987
0.012987
0.007512
0.000000
0.000000
0.002322
0.009929
0.008438
0.000831
0.006776
0.011591
0.003984
0.003623
0.011230
0.007137
0.000939
0.016153
0.020581
0.005367
0.009847
0.025060
0.011674
0.003540
0.018754
0.017980
0.002766
0.012448
0.024286
0.009073
0.006141
0.021355
0.015379
0.000165
0.015049
0.021685
0.006471
0.008743
0.023957
0.012778
0.002436
0.017650
0.025974
0.025974
0.014630
0.000000
0.000000
0.005037
0.020251
0.025974
0.025974
0.012029
0.003185
0.018399
0.018335
0.003121
0.012092
0.024642
0.009428
0.005786
0.021000
0.015734
0.000520
0.014694
0.022040
0.006827
0.000000
0.000000
0.006421
0.011947
0.004340
0.006535
0.021749
0.014986
0.000114
0.007721
0.010646
0.003039
0.004568
0.012175
0.006192
0.001415
0.009022
0.009345
0.001738
0.005869
0.012498
0.004892
0.002715
0.010322
0.008045
0.000438
0.007169
0.011198
0.003591
0.000000
0.000000
-0.012486
-0.023386
-0.000565
0.003718
-0.019103
-0.010024
0.012797
-0.009644
-0.019484
0.003337
-0.000184
-0.023005
-0.012740
-0.001237
-0.008844
-0.016451
-0.024058
-0.025974
-0.025663
-0.018056
-0.015525
-0.023132
-0.021209
-0.013602
-0.019979
-0.024363
-0.016756
-0.016825
-0.024432
-0.019909
-0.013672
-0.021279
-0.023062
-0.015455
-0.018126
-0.025733
-0.018608
-0.014973
-0.022580
-0.021761
-0.014154
-0.012987
-0.014047
-0.021653
-0.025974
-0.025974
-0.014947
-0.000266
-0.015480
-0.021254
-0.006040
-0.009174
-0.024388
-0.005532
0.008686
-0.014135
-0.014992
0.007829
-0.004676
-0.024451
-0.001631
0.004784
-0.018037
-0.016051
-0.000837
-0.014376
-0.024166
-0.016559
-0.017022
-0.024629
-0.019712
-0.012987
-0.012987
-0.016096
-0.023703
-0.020638
-0.013031
-0.035675
-0.045401
-0.022580
-0.026215
-0.049036
-0.051948
-0.049436
-0.034222
-0.029457
-0.037064
-0.044671
-0.051618
-0.044011
-0.041518
-0.049125
-0.047164
-0.039557
-0.045972
-0.051948
-0.051948
-0.048091
-0.040484
-0.045045
-0.049835
-0.027015
-0.021780
-0.044601
-0.036474
-0.013653
-0.012987
-0.019002
-0.041822
-0.039253
-0.016432
-0.032363
-0.050870
-0.043263
-0.042266
-0.049873
-0.046416
-0.039266
-0.054479
-0.060177
-0.044963
-0.048173
-0.063387
-0.064935
-0.063482
-0.055875
-0.055628
-0.063235
-0.059028
-0.052475
-0.060082
-0.062182
-0.054575
-0.056928
-0.064535
-0.050521
-0.038961
-0.038961
-0.047069
-0.062283
-0.052373
-0.040763
-0.055977
-0.064935
-0.064935
-0.059580
-0.051973
-0.051948
-0.058553
-0.081373
-0.090909
-0.090909
-0.084254
-0.079197
-0.086804
-0.087407
-0.079800
-0.077922
-0.078271
-0.085878
-0.090909
-0.090909
-0.076501
-0.053680
-0.051948
-0.056897
-0.079718
-0.087033
-0.079426
-0.090129
-0.103896
-0.103896
-0.100946
-0.093339
-0.096086
-0.103693
-0.096492
-0.092933
-0.100540
-0.095395
-0.080181
-0.077922
-0.080117
-0.095331
-0.103896
-0.103896
-0.114999
-0.129699
-0.122092
-0.119281
-0.126888
-0.129870
-0.129870
-0.116166
-0.102424
-0.094817
-0.102005
-0.124826
-0.123944
-0.118520
-0.141341
-0.153072
-0.145465
-0.147857
-0.155463
-0.155844
-0.150305
-0.127485
-0.116883
-0.116883
-0.135783
-0.154924
-0.147317
-0.149151
-0.164365
-0.168831
-0.168831
-0.161231
-0.158065
-0.165672
-0.159936
-0.144722
-0.149531
-0.159727
-0.182548
-0.194805
-0.194805
-0.183309
-0.168463
-0.160856
-0.163629
-0.186450
-0.189983
-0.182376
-0.195915
-0.207792
-0.207792
-0.200001
-0.184787
-0.187941
-0.197032
-0.219853
-0.233766
-0.233766
-0.223374
-0.208160
-0.200369
-0.202977
-0.233405
-0.246753
-0.246753
-0.253250
-0.256390
-0.233570
-0.230810
-0.253631
-0.254170
-0.247134
-0.262348
-0.272727
-0.272727
-0.263439
-0.248225
-0.253624
-0.264213
-0.287034
-0.298701
-0.298701
-0.280867
-0.260870
-0.276083
-0.291297
-0.306511
-0.301651
-0.286438
-0.314696
-0.337662
-0.337662
-0.325386
-0.302565
-0.298701
-0.302457
-0.332885
-0.344318
-0.329104
-0.346246
-0.376585
-0.353764
-0.344381
-0.367202
-0.367690
-0.352477
-0.377423
-0.398658
-0.375837
-0.377797
-0.408225
-0.415584
-0.414810
-0.399596
-0.389610
-0.389610
-0.408974
-0.439401
-0.420355
-0.409348
-0.439776
-0.446716
-0.431503
-0.453137
-0.480519
-0.480519
-0.471555
-0.448734
-0.441558
-0.441558
-0.478768
-0.500308
-0.477487
-0.484688
-0.515116
-0.506449
-0.498049
-0.528477
-0.535367
-0.512546
-0.528851
-0.558023
-0.542809
-0.542213
-0.572640
-0.584416
-0.584416
-0.563745
-0.546965
-0.554571
-0.573389
-0.603817
-0.592498
-0.573763
-0.604191
-0.617755
-0.602542
-0.617552
-0.647980
-0.627558
-0.617927
-0.648355
-0.654115
-0.638901
-0.661716
-0.685438
-0.662617
-0.662090
-0.692518
-0.701299
-0.701235
-0.686021
-0.684359
-0.714787
-0.709331
-0.678903
-0.688749
-0.706628
-0.737056
-0.742569
-0.719748
-0.737430
-0.765422
-0.750208
-0.750791
-0.781219
-0.787348
-0.779741
-0.786307
-0.793914
-0.801521
-0.789461
-0.759033
-0.765568
-0.782342
-0.812770
-0.822147
-0.799326
-0.818378
-0.856413
-0.849682
-0.846237
-0.853844
-0.844219
-0.821398
-0.844321
-0.867821
-0.852607
-0.857682
-0.888110
-0.890495
-0.883345
-0.890952
-0.898559
-0.906166
-0.895044
-0.872224
-0.890857
-0.907562
-0.899955
-0.892348
-0.884741
-0.907048
-0.934462
-0.926855
-0.927737
-0.942951
-0.927826
-0.897398
-0.932521
-0.955329
-0.932508
-0.938599
-0.969027
-0.974026
-0.970118
-0.939690
-0.931690
-0.954511
-0.966470
-0.974026
-0.974026
-0.971748
-0.964141
-0.956534
-0.948927
-0.974978
-1.000000
-1.000000
-0.996422
-0.988815
-0.992818
-0.999575
-0.991968
-0.987013
-0.987013
-0.991892
-0.999499
-0.992894
-0.988739
-0.996346
-0.996047
-0.988440
-0.993192
-0.999201
-0.991594
-0.990039
-0.997646
-1.000000
-1.000000
-0.970080
-0.948052
-0.948052
-0.965360
-0.995787
-0.986892
-0.972852
-0.965245
-0.964440
-0.972047
-0.951516
-0.922573
-0.937787
-0.950526
-0.958133
-0.956338
-0.948731
-0.927268
-0.912187
-0.927401
-0.919965
-0.889537
-0.895121
-0.906604
-0.876176
-0.865689
-0.888510
-0.875802
-0.845374
-0.873366
-0.888414
-0.857987
-0.852454
-0.867668
-0.838249
-0.808183
-0.831004
-0.828041
-0.790006
-0.790120
-0.804916
-0.774488
-0.760137
-0.782958
-0.774114
-0.743686
-0.753761
-0.760752
-0.730324
-0.725078
-0.747898
-0.729950
-0.702187
-0.717401
-0.711247
-0.665605
-0.664044
-0.686865
-0.659813
-0.639853
-0.655067
-0.646451
-0.616023
-0.628985
-0.644440
-0.598798
-0.577519
-0.592733
-0.576314
-0.545886
-0.567952
-0.571701
-0.526060
-0.519531
-0.542352
-0.519163
-0.495892
-0.511106
-0.498963
-0.453321
-0.458498
-0.479454
-0.449026
-0.433558
-0.448772
-0.430944
-0.392909
-0.403505
-0.406182
-0.360540
-0.349044
-0.371865
-0.352540
-0.325957
-0.341171
-0.336311
-0.298276
-0.295903
-0.311117
-0.275081
-0.250636
-0.265850
-0.256054
-0.225626
-0.227174
-0.229706
-0.199278
-0.188302
-0.203516
-0.180448
-0.143035
-0.158249
-0.159568
-0.129141
-0.121426
-0.129033
-0.102792
-0.080701
-0.095915
-0.085815
-0.047780
-0.050647
-0.063082
-0.032655
-0.015677
-0.023284
-0.006306
0.024121
0.011686
0.007055
0.037483
0.047957
0.040350
0.063831
0.088397
0.065576
0.064205
0.094633
0.103896
0.103896
0.133969
0.149430
0.126609
0.134343
0.164771
0.162239
0.160691
0.191119
0.200915
0.185701
0.204480
0.233481
0.225874
0.230829
0.261257
0.263249
0.248035
0.274618
0.293943
0.271122
0.274992
0.305420
0.305648
0.300681
0.323502
0.334776
0.327169
0.345130
0.375558
0.361942
0.358491
0.388919
0.394223
0.379009
0.395866
0.414550
0.406943
0.412380
0.435201
0.436071
0.429003
0.459431
0.473515
0.450694
0.464367
0.502401
0.486128
0.473166
0.503594
0.515845
0.508238
0.524080
0.544972
0.537365
0.537886
0.553100
0.553506
0.545899
0.566943
0.582633
0.575026
0.583458
0.606278
0.604153
0.599116
0.614329
0.620293
0.612686
0.626320
0.649141
0.641813
0.640678
0.655892
0.657954
0.650347
0.669183
0.687081
0.679474
0.682240
0.697454
0.701299
0.701908
0.717122
0.724741
0.717134
0.728561
0.751381
0.732291
0.719101
0.741922
0.749415
0.741808
0.752378
0.765555
0.757948
0.761964
0.784785
0.792208
0.792208
0.770129
0.757206
0.772420
0.783427
0.791034
0.785775
0.781327
0.796541
0.805195
0.805195
0.794181
0.779475
0.794688
0.802841
0.795234
0.796788
0.804395
0.798387
0.793635
0.801242
0.801540
0.793933
0.798089
0.804694
0.797087
0.800392
0.823213
0.821259
0.806045
0.819559
0.825763
0.802943
0.804294
0.827115
0.812402
0.794834
0.817655
0.821862
0.799041
0.808196
0.831017
0.816056
0.807371
0.814978
0.822585
0.830192
0.831169
0.829919
0.822312
0.818182
0.818182
0.823885
0.831169
0.831169
0.828618
0.821011
0.818182
0.818182
0.825186
0.831169
0.831169
0.823467
0.808253
0.817351
0.829075
0.806254
0.800982
0.823803
0.815714
0.792893
0.799586
0.809192
0.824406
0.831169
0.831169
0.811812
0.793280
0.800887
0.801896
0.794289
0.797734
0.805049
0.797442
0.789835
0.782228
0.788420
0.803634
0.798368
0.787868
0.765047
0.756920
0.764527
0.754433
0.740780
0.748387
0.745005
0.722185
0.714286
0.714286
0.735888
0.749605
0.734391
0.719177
0.703963
0.701299
0.703088
0.718302
0.721030
0.705816
0.690602
0.675388
0.690475
0.696908
0.681694
0.679747
0.687354
0.668365
0.650620
0.658226
0.658842
0.651235
0.655073
0.661652
0.646439
0.636364
0.636364
0.641160
0.648767
0.649351
0.644421
0.621600
0.614260
0.621867
0.617280
0.609673
0.602066
0.603290
0.618504
0.618206
0.610599
0.588197
0.571429
0.571429
0.584162
0.606983
0.597447
0.581142
0.558321
0.545455
0.545455
0.562090
0.584086
0.568872
0.553658
0.538444
0.537086
0.544693
0.538609
0.533933
0.541540
0.534377
0.511556
0.512413
0.518941
0.511334
0.509260
0.516867
0.509494
0.494281
0.500726
0.500974
0.478153
0.475666
0.490880
0.480919
0.468446
0.476053
0.474239
0.459025
0.449178
0.441571
0.464341
0.476091
0.460877
0.445663
0.430449
0.428571
0.431147
0.446361
0.451031
0.443424
0.424333
0.402597
0.402597
0.410363
0.433184
0.431928
0.416714
0.401500
0.389610
0.389610
0.397389
0.412603
0.409468
0.400390
0.377569
0.363636
0.363636
0.379206
0.402026
0.387764
0.372550
0.357336
0.350649
0.350649
0.363630
0.376623
0.376623
0.369949
0.354735
0.356213
0.363084
0.340264
0.324675
0.324675
0.333951
0.349165
0.343785
0.333209
0.310388
0.298701
0.298701
0.316516
0.335987
0.313167
0.307057
0.329878
0.327638
0.312424
0.297210
0.285714
0.285714
0.293886
0.309100
0.299063
0.286647
0.294254
0.298701
0.298701
0.282542
0.259740
0.259740
0.266440
0.289261
0.289781
0.274567
0.266040
0.261047
0.268654
0.265660
0.250446
0.246753
0.247515
0.262728
0.270120
0.262513
0.254906
0.247299
0.253815
0.254696
0.231876
0.220779
0.220779
0.239184
0.258985
0.251378
0.240789
0.225576
0.225988
0.233595
0.211459
0.196861
0.204468
0.203510
0.195903
0.201315
0.210051
0.225265
0.223698
0.200877
0.205971
0.220576
0.212969
0.202932
0.187718
0.181818
0.181818
0.188702
0.193302
0.185695
0.189279
0.204493
0.207792
0.206638
0.191424
0.184622
0.192229
0.179712
0.156891
0.177618
0.189171
0.166351
0.155844
0.155844
0.168508
0.179915
0.164701
0.165380
0.188201
0.189400
0.181767
0.166554
0.158096
0.165703
0.159873
0.144659
0.156269
0.166179
0.150965
0.142857
0.142857
0.148637
0.155444
0.147838
0.148110
0.163324
0.168831
0.168831
0.154670
0.142857
0.142857
0.146784
0.154391
0.155844
0.153522
0.130701
0.119884
0.127491
0.124642
0.117035
0.116883
0.118958
0.126565
0.125569
0.117962
0.136468
0.155844
0.155844
0.145718
0.122898
0.122485
0.129648
0.122041
0.116883
0.116883
0.121559
0.129166
0.129870
0.125302
0.102481
0.094659
0.102266
0.097920
0.091505
0.099112
0.101073
0.093466
0.090909
0.090909
0.112740
0.126076
0.110862
0.112144
0.127358
0.129870
0.127929
0.112715
0.103896
0.103896
0.103896
0.103896
0.103896
0.101625
0.094018
0.095407
0.103014
0.090446
0.077922
0.077922
0.081494
0.089101
0.085110
0.078341
0.085948
0.088263
0.080657
0.087667
0.102881
0.089697
0.081361
0.096575
0.096004
0.080790
0.090268
0.103896
0.103896
0.097856
0.082642
0.077922
0.077922
0.092870
0.099709
0.084495
0.082243
0.089850
0.084362
0.079089
0.086696
0.090909
0.090909
0.074046
0.052671
0.075492
0.083505
0.060684
0.056643
0.064250
0.058013
0.053490
0.061097
0.061166
0.053560
0.057944
0.064320
0.056713
0.054790
0.062397
0.059866
0.052259
0.051948
0.057696
0.080517
0.078480
0.055660
0.071057
0.090909
0.090909
0.081259
0.058438
0.068279
0.090719
0.067898
0.054238
0.061845
0.060418
0.052811
0.058692
0.063571
0.055964
0.055539
0.063146
0.059117
0.052386
0.059993
0.062270
0.054663
0.056840
0.064447
0.057817
0.053686
0.061293
0.057005
0.041791
0.051345
0.063311
0.048097
0.038961
0.038961
0.044227
0.051834
0.044455
0.041074
0.048681
0.051948
0.051948
0.045382
0.038961
0.038961
0.042374
0.049981
0.051948
0.051688
0.044081
0.038961
0.038961
0.043675
0.051282
0.051948
0.050387
0.042780
0.038961
0.038961
0.050990
0.063666
0.048452
0.044684
0.059898
0.064935
0.064935
0.050305
0.042831
0.058045
0.056611
0.041397
0.051739
0.062918
0.047704
0.038961
0.038961
0.049886
0.064770
0.049556
0.041270
0.048877
0.047412
0.039805
0.045724
0.050565
0.042958
0.042571
0.050178
0.046111
0.039418
0.047025
0.049264
0.041657
0.043872
0.051479
0.044811
0.040718
0.048325
0.051948
0.051948
0.033315
0.015480
0.038301
0.042774
0.019953
0.028842
0.051663
0.029413
0.012987
0.012987
0.026063
0.048884
0.032192
0.015398
0.030612
0.035529
0.027922
0.020315
0.012987
0.012987
0.015493
0.023100
0.021241
0.013634
0.019947
0.025974
0.025974
0.022167
0.014560
0.019021
0.025321
0.017714
0.012987
0.012987
0.018094
0.025701
0.018640
0.014941
0.022548
0.025974
0.025974
0.019566
0.012987
0.012987
0.016242
0.023849
0.020492
0.013089
0.020695
0.025974
0.025974
0.021419
0.013812
0.012987
0.014389
0.021996
0.022345
0.014738
0.024699
0.038009
0.022795
0.015690
0.023297
0.021044
0.013437
0.027300
0.035408
0.020194
0.020994
0.036208
0.026501
0.015537
0.038358
0.042717
0.019896
0.028899
0.051720
0.051948
0.045496
0.022675
0.012987
0.012987
0.032801
0.048275
0.025454
0.023341
0.046162
0.034913
0.013882
0.036702
0.051948
0.051948
0.037692
0.014871
0.033924
0.047152
0.024331
0.024464
0.047285
0.033790
0.012987
0.012987
0.021685
0.044506
0.036569
0.013748
0.035047
0.048002
0.032788
0.021774
0.014167
0.012987
0.014034
0.021641
0.025974
0.025974
0.020473
0.013108
0.020715
0.023627
0.016020
0.017561
0.025168
0.019173
0.012987
0.012987
0.016635
0.024242
0.020099
0.013482
0.021089
0.023252
0.015645
0.017936
0.025543
0.025974
0.024179
0.016572
0.012987
0.012987
0.019236
0.025105
0.017498
0.016083
0.023690
0.020651
0.013044
0.020537
0.025974
0.025974
0.021577
0.013970
0.019611
0.024731
0.017124
0.012987
0.012987
0.018684
0.025974
0.025974
0.023430
0.015823
0.012987
0.012987
0.019985
0.025974
0.025974
0.022129
0.014522
0.019059
0.025282
0.017676
0.015905
0.023512
0.020829
0.013222
0.020359
0.021990
0.006776
0.008438
0.023652
0.013082
0.002132
0.017346
0.019389
0.004175
0.011039
0.025695
0.010481
0.000000
0.000000
0.009187
0.024401
0.025974
0.023094
0.007880
0.007334
0.022548
0.014186
0.001028
0.016242
0.020492
0.005279
0.000000
0.000000
0.014389
0.022345
0.007131
0.008083
0.023297
0.013437
0.001776
0.016990
0.019744
0.004530
0.010684
0.025898
0.010836
0.004378
0.019592
0.017143
0.001929
0.013285
0.023449
0.008235
0.006979
0.022193
0.014541
0.000673
0.015886
0.020848
0.005634
0.004790
0.012397
0.005970
0.003274
0.018488
0.018247
0.003033
0.006091
0.012276
0.004669
0.002937
0.010544
0.007823
0.000216
0.007391
0.010976
0.003369
0.004238
0.011845
0.006522
0.000000
0.000000
0.000000
0.000000
0.005539
0.012828
0.005221
0.002385
0.009992
0.008375
0.000768
0.006839
0.011528
0.003921
0.000000
0.000000
0.000000
0.000533
0.008140
0.010227
0.002620
0.004987
0.012594
0.005773
0.001834
0.009440
0.008927
0.001320
0.006287
0.012080
0.004473
0.003134
0.010741
0.007626
0.000019
0.000000
0.000000
0.000000
0.004435
0.012042
0.006325
0.001282
0.008889
0.009479
0.001872
0.005735
0.012632
0.005025
0.000000
0.000000
0.000000
0.000000
0.007036
0.011331
0.003724
0.003883
0.011490
0.006877
0.000730
0.008337
0.010031
0.002424
0.005183
0.012790
0.005577
0.002030
0.009637
0.008730
0.001123
0.006484
0.011883
0.004276
0.003331
0.010938
0.007429
0.000178
0.007785
0.010582
0.002976
0.004631
0.012238
0.006129
0.001478
0.009085
0.009282
0.001675
0.005932
0.012435
0.004828
0.002779
0.010386
0.007981
0.000374
0.007233
0.011134
0.003527
0.004079
0.011686
0.006681
0.000926
0.008533
0.009834
0.002227
0.005380
0.012987
